$ANSIBLE_VAULT;1.1;AES256
36643437353361393034616261373632653538626263613865376537616266323537633164363734
3461303964646232313130383233313666326238656464350a363063303430646265656434386435
34386237313063643939316335633830373739346531383565623636373562386632376330376165
3431613066653132620a316239393966333739633963623062613162376538383430656532393534
37623734363464323033353334643265633330356461343836633837303262636163646130623633
62633336623232336438656138396530653662613736383033636335373064653730376263626464
62663230343438343933396332353033666234353061666430666539616564633962346632653362
36646138376432396463316538323961366332363130643965383161383163636366633931633837
34343531386162363662333761643561323064343830333364363932303337653535666661636437
36383363653461666266616364373964373236383131613334613030653361313963633263653933
33326661656436326564646639353533383034373132613137323664666164626562313665326131
31323232636338313939303039646135313332353866376163373063393431343061323735303264
36376333336261376363353261663266393563653134326564383837613561656436626139616262
63373039643230613337316132666437383164323331633834363561393265663861613934383339
61626361353637396437653763643632353565363331633836343932333134383466323034393635
35353462623335306665626238303337633762303064306665656465643732346536653066666531
35373233626531303730343633333335316635636535373230636563386136656639646462326566
35636636393333633036383735356230663961613935393436343065386362326662613863343437
63396363393161653034633464623265366266346635313165313062396138646431663239656665
34313330643831643331383638326465633564326539313838656338363538636333336566633930
37326436663038666464656638343031326132333230663466303737663934343239373364373035
65323932666130323636353830326466353237393561346163366236663533366264363232333737
66356265653962373035316239646631313865363337356636363031383732646661653066376432
39393832333039336136633063613862383330303231373138623339623763393263396563616663
3138
