$ANSIBLE_VAULT;1.1;AES256
31356438353163306364333634393530343437656436336535613130363234376635333534376662
3864396338353335363635663161313731623039356137390a363937336362363861633237326164
32623762363835333836656630656166633935353265666334656636373338346562353966356666
3335326466613564640a306166373032636439653837353332316138643538393436616133633336
61396137323961376335626239346234343131343137656133373030373565363136323330623431
63336437323434653731343837336366356530333037666631366463663463303432636533383835
61643562653233353235316131333738313038653632616466653064316465313636383635363964
61653262643936653236666434303439613830616166616637313835356634643766316366356462
33363238663630613435623038363061336439643265643137646364653937353530326334363832
33323033343563623461326335653438663363623834653734646131363361623136306366363865
63306231316438623264616166316362323337336237626561323235616533356331646239313761
61323464333937363936336465666533653066613239303830633534643530356639373061313032
38653334616338303836666666303435613139646631316263616138363939653134393435303233
37343362633634633231343739396639616338323539663063316231386630623934386666613766
39633138636339343035363232653462643663626236636362613363326263326236633330343135
36643330396631383236363734383831386561653832346233653936323938653663393633393837
36343539656262616530343834656637386365333663393834373866383136393436353535663435
66663361643933653361653235373065336364303030353238393464303638333263303630353964
30663363616536343864626663393764643938303064336265633031313230373230636431313565
33666231626432623862376536323837666435323961353032656633343462366363626331623236
39353331383463623861663835356635653732356436666564376432303734366632346537323733
35373465656466633539363662306361383333333833636364386665653231626165343263643137
39383135303132313137653862383134363437653961656332353262323938313834323631376661
39616461623132626661333433306133616365336463363135663065633562386130326439356131
63346366653031333638346566356135363962623361663131636233333937653064396538363665
36323536343932653865333563323233366538383363343363333863643661383839353336383232
33666464376233393866653532623433333938663338323033323264373565373732353833313764
61303665356636643763656366343163303933633736366635376436303438653035303036343366
33363765623433313061306530633466343665343636313566616330323338633031633439663937
35656534633734653661313931633635613637343235383961656638393731356661643533646530
37356538616530333731663634323935346633356562643838326561336334623831303230336635
36333131333363306161393362306266636630653530613036326434663132346636303631343436
61333030376436663134333630656437616330626337326665353838336166633035343937656163
38343565653864616135633964626635316338613833636537396634326431353331303736663464
31316237306265646230376364303834323137383233373737633932373362383832643961306331
36363463653635363132666631636434303166313037326662623263363363636366313631326130
32646139646530616436636430336463386163636232393439353137656238386635323532383034
37333133363633646436346330303232663265656163643230393930393065636135626362636662
31396536636262323534353364346533346439616438303832353730653634343639356239306339
32663034613030636434346431636534646266303865656665303439313735333930613361633466
35356162613366646665393132343837626230656632326537656333343961323562346337303564
34393663373364643935303730356537633433383032333135386135376362666264363733363466
65323035353162616562666266343132656235666238643336343239336430383139363735393532
34353763326466346632393763353135313237373631376631326138653138306462643032373433
65343234623532643235646236376537336339343934386162383639366434323166613337333562
61383838303635373761386334653464303339623966363736306366353233373830356237313862
31333734346132303262663664386534646332613866626263613364353364373131633634613736
30626137333339356366336338346433393631303166653831373537333334643066623838653063
65626536353336356264356333366431343236356237353034616666633935333132643139643831
34666565393762393665633732383730376636343664663262636538356333323865323262643531
35613133363464396666336630393231613537623637633638323137376261653936316235383138
32356632313461633932346633323731363830626437383266386566366330633632376135663761
66613466633531313530353262383063336665303566346666326561613833383433363633323334
64336237663633316632393962616663316361613663313364316334656637333263373639663561
34613334663564346666316265383330316530316330343866343465306437316637313132383966
32623339643933623065366636663431613666303863353862643864616163306539613939336235
65636536623030313866343963626137383630356536343434376631663131353961656262316333
30303264346533313135383030316530363261353939343832346638623063333362633530643263
63366331326535363730363036336266313466353335343930383335303835636635303161636637
30643431653563653734653363393361623363613763623038323330623639613938306461393532
35303063303338383862303337616233373361643936383364393061333065333730643233633738
38303239623333623164396137313033626164636564613130303935363461663365386436646434
34643536656535303838356262383164323538333862323766376661653239303532353039643838
35386266613639346366663232306265346431336231323237616635393766323262353262343639
35393766626236306365353862323036353463643833383334356135616531643031393438316362
32663866666534636466306564633863613734316661303365313862313834303163643836313839
64393336643134653665643336303761333561383566646237623638396561396630343363653230
35303837626234653636323936626364376563646162656166323433363532333338636466343366
36656537643735656632646463656665376337316664346238356463333733386430626139376461
34353464376536393232623334646233653565393936623166393437316539613230643035373262
62303364306466663535306365336363333834333937316362393636393635636131353162626662
63313264646136303362613061666433343165393565366563616336376264643765363933333733
31666237323235396264633666383763633966313961366339353161396463366231633731633662
34306164616234373034626330356561663435633561306562613630333931373266636234323766
35393764393537353132346230616532626563373030363862666130663766326263643134323933
62643531386166626531363135616662333162653662313966336564343164303230633235616363
31646139376137396433393864363531383364666331646430323934623139326531663735366461
33656161373638336261396434396665616363613162356661356135656361363430633034396264
38346565313830343261326539623563636666613230343932303933616132643231346437396162
39663136386665623532386165383430366561356232383834356565353233396564363763643366
32316131363531343038646232626231313065303664653138316361376130646365303533623166
62373034646233323031396230393136623932333534363631616337343663613362383636666665
38666366653239333833396161353835333536343232656266396365343363303934323261653632
65303262333466373366333234653561383737353534363261306433656366663836623062646562
35303833363263666436663638396266666365663130336237366139643632613066313831643039
34393965643866323836623165303432333864353639633838313434346462653738313534303033
31663432623762646137663731303235636232623363376639643965333433383564393366653364
34323962653062396261633532663838626238643962356134343864363030633335316163613761
63346664353662616162633933303232616564616433393535323330366564356435346331623833
31626635646236643865313462643063376330313536623339313730663862373166636662363531
61356261353735353735303731343537376137346162663637383833663638393765643666343039
36376534363936336636363539343061623839646261616330613963396133376565303461636438
61626463353461366663383262636631356265323338353837313635636336333365376166303766
34313766353831383966346262353466366439383131353062303430613663653165356130333566
62393365616534383037363764396237363933613962636334656334393665373135353031326633
37383230343332653965306532333762373336623262626134363630383232386465366239363239
35386536623365373333363338613231343932653133646331636134393261316530663166343066
37613662396264353932646338343336353665653939356162303530663339346265356666356166
30663361396139313862636138363832363932346364666239386634326561643234393638353066
36643630386631626433643332323130643661616661363333633863613736306535363263353132
65346239633564663832633066333932343036396635343563366333363136663331383066616138
30633365626134623863313366663430363065373331343430373038303964383933663531326433
32333661323163313161366365336139333039626439626561366461616564656263623834303639
37666331626366313035363937343134616431303438333533316130343735386261363661303832
66616135346261386131656366646664376361373032366137343231356265373862636665633763
64373634363965313032393363386564303766363438396561333635383134653261656430396135
37383930643030373234643532323166633631383035663236653036623434393733303461643532
64636666316130373037346430383936383632333766663237343363326532373664393839303839
62613739636162323430323266363964376134393663343766643039333166616632616362323137
65356531373232306263393731396365373430366264373335383464653637393166313730656266
36623939346439653736313532373333343464653133326161336165623732663064636463373262
31353861343535326466343038393338333638363334623232616132323837363134613861656433
39343231633134346561343438336238623839383430663066376335373063663539313636373835
64626362373534396238366662613761663466313330656663323435626330366663393461343939
33363163653930323162653138343435656262626133376237393565643334363465306231623963
36633635386363643232656130363561623034396363373738376465376164636531356231363266
37613231626135376163303764666138653261326530343036646331393533353763623533313431
31373737303334663762306564663237343436373635316232653537613732373961663930616234
38626662326332313632373836353332616431383939316463356537623933333233643837353832
33386364663831333030386263303061666162356264626430343162663839346164616265336166
33313735373765333231303062616665643862613730383035666338393634343236393833373332
66633139663730326531643732396632663235393631656231303363376136386134636662353436
35396364316130616462613963653735396266316338383934396662633666643536343438323030
37643363656664643962373264373561323936636434633839393431393061633734656532373962
37306135396162303032393534616536626465663735366634343265326232623030316461383335
64613231616464313763316564663335373564656663373337353430376563643834353762623261
66356431306130343939323161353131323130643637326236643632303238346166666165326336
30653930656433346465333938383430353932393032303864393761643132356634636236393539
36616134373330303862616164323736613030343263313834373763633233366239663537323533
61623336343266306131666339363961663566623937613564623531313136303731346464623835
37373262316262613238663666376362613363306365373332636161333230353961623961313334
65333739346561383664613966383863333663353634376138653239323833323139303365363237
34326131326538343364656330316638663634396337386166626164313430323961613466616533
63613365363335626439346634333164353865616339396338376539633335383938363536346161
39363366353561353039386531316239333961326565346334323362393565613035613731373530
36333861663161366231373565373661643237393564313163613561653335343835346631336334
63373430663833353931303936336364313133366438626231366662386164393466353162343439
30633166643362353936666331396534363563303638326562323935623431383838333564623366
38393336633161343333663432663830633631653034326236366439663737626631666536666531
64336439656133613633663562666539326266333230343034373461623936663938303462363732
63313834313038353566396630383162356366333263643036623964666565343233356265636233
65633435613437336637343636313261653833306533656466393639636133363261666432333337
62653766356436646166376562353761636131336166373431346365396435373438636261326432
30356363326132366466303830373635333663643464323763323161346636666461613432393538
64386366356366323932326631343531636266303434333061343565663133653031636164363564
31323365343463613630363736656133323733626333326333653230393365343736626330613336
30343531343334363930643363316336313332363134643965343661386462653833633936626338
36653135653466643732353332623266323464666230333536346165643739373965633432656431
34643738326465336139613865643966623334333639646662383965376439386663366163393734
64343062383535613566376466316636343231383365316161623638393061333338393939656132
38306236663038396363643030366439396232373135306266336539653534373465623131623864
63666138653966616566393931376230336636386338363733653138336265663930383034626434
61356562653032633662333462396565316638663263356539613664346362616432373031656331
36343561623730633237373534343765373562653038373834366631646163623230333964613966
32366561303136613766383261386564386166616134633032626163323034303837633937336663
65643565653336383433643836366337306132336332313132633434326265303666396238643766
34373062366237613733383662653531633834623863333333636532383765356235383639653065
33336631363937323431643139343933386430626432353562373234623166343661656633663834
38306561643564623161623833663866306362336465383935356165663937636636346637336566
35633334346233616566343938646636663164646166376561343331626363356561363135383064
32313731393062333136643937613034373962363632376232616561333039633361313964666531
31343561643635363438636162656135303432666665356432363936333135393863623530653963
62306336366465656338313932353062366435363364386536393437306464613832616233353338
66343863326136653761376662656537343561383961383332656162656266333864306137393862
64383630653161333863643235326134346339303861323938393930666333636134646562346538
35346263303637636339343833316261326661353339626136653737393464393933376138633463
30323336323866363737643532376464383036623661356437663836626636303264343830326263
39383635636533623065306666393437653236306161373165623061336532663262373966363136
34643939343465646233356666653034616131323135633432356236376631653330386631316338
64383864653964663165386230316162646639366135633934666532303365383436366538366336
33626636646363306438343265646661373434636161323662313431326139353366343062306236
35393239613137643331383962393137323435636233366563343762343733323263313039373162
66376535346235373861333765366664383765386134303862363433373539663364
